TDate,TV,Radio,Newspaper,Sales
4/1/2016,1180,28461,57738,6465
4/2/2016,7143,72724,60246,7801
4/3/2016,4925,56542,94286,6540
4/4/2016,1546,53848,34355,7207
4/5/2016,4687,28432,11855,6730
4/6/2016,9598,64789,81596,6287
4/7/2016,3133,35371,85510,7232
4/8/2016,8019,46918,55884,7165
4/9/2016,9873,17712,54151,7698
4/10/2016,1931,45620,36563,5692
4/11/2016,1938,60616,66354,7176
4/12/2016,9656,27007,16696,6083
4/13/2016,6643,53351,57465,5073
4/14/2016,6811,49642,45966,7658
4/15/2016,6511,73070,84975,6955
4/16/2016,2895,69533,10272,6280
4/17/2016,8848,75334,54180,7315
4/18/2016,6399,67280,15113,5617
4/19/2016,4819,51654,95292,7690
4/20/2016,1173,63431,91197,5582
4/21/2016,1451,74250,75789,6474
4/22/2016,9407,67063,96021,5391
4/23/2016,9594,31781,95918,6878
4/24/2016,3774,45606,84019,7644
4/25/2016,4953,51550,66642,7417
4/26/2016,2634,54088,14863,5423
4/27/2016,3141,67584,87692,5354
4/28/2016,7297,57650,11357,6136
4/29/2016,7183,38368,56438,5732
4/30/2016,5699,26875,91512,5631
5/1/2016,3474,65835,58334,6094
5/2/2016,1789,27791,70080,5781
5/3/2016,6297,17308,27549,5076
5/4/2016,4213,11914,44770,5678
5/5/2016,4583,10536,22872,7941
5/6/2016,7004,24904,55760,6478
5/7/2016,8005,46986,89310,5231
5/8/2016,4068,37570,47024,5416
5/9/2016,3612,52685,74369,5107
5/10/2016,6897,73777,28377,7291
5/11/2016,6193,33363,75702,6257
5/12/2016,1896,65654,53046,7856
5/13/2016,3479,58755,72167,7421
5/14/2016,8783,18996,24363,7455
5/15/2016,1278,62807,29550,5992
5/16/2016,7524,19756,45890,6825
5/17/2016,5767,65240,33817,7533
5/18/2016,3264,22827,25803,7189
5/19/2016,1565,51233,30405,7940
5/20/2016,9451,70394,42251,6287
5/21/2016,2753,65765,18885,5514
5/22/2016,4324,20755,27769,7346
5/23/2016,2238,20979,19768,5144
5/24/2016,1122,58701,85608,5661
5/25/2016,4889,14225,74931,7436
5/26/2016,5386,25337,62245,5401
5/27/2016,2763,25903,38930,6259
5/28/2016,3276,27359,16842,5705
5/29/2016,9277,33740,55134,7840
5/30/2016,6839,8144,84092,7843
5/31/2016,1796,55395,86938,7841
6/1/2016,8010,38268,83594,6796
6/2/2016,7376,65279,30220,6108
6/3/2016,5193,41724,12271,6012
6/4/2016,2826,14624,35355,6180
6/5/2016,2684,28825,33559,5658
6/6/2016,5098,41806,42687,5745
6/7/2016,8668,36402,99729,5937
6/8/2016,8568,71526,45090,5024
6/9/2016,7171,34746,83992,6881
6/10/2016,5558,59753,36474,6367
6/11/2016,1659,42637,92968,5172
6/12/2016,5572,42840,16979,5059
6/13/2016,3571,26622,55126,6843
6/14/2016,8006,47939,87783,5235
6/15/2016,3790,22343,50455,7126
6/16/2016,8166,22974,56862,6587
6/17/2016,2107,23927,64670,6502
6/18/2016,6195,10869,71406,6011
6/19/2016,6095,57254,38552,5516
6/20/2016,1748,30182,51226,6239
6/21/2016,3850,36996,58621,5787
6/22/2016,2003,54417,10858,6495
6/23/2016,6537,31367,85399,5319
6/24/2016,1693,57931,76494,6125
6/25/2016,5197,50114,77567,6720
6/26/2016,5047,25072,34074,5906
6/27/2016,1240,37967,14639,5647
6/28/2016,7501,55952,23556,7400
6/29/2016,8795,47547,86469,6696
6/30/2016,7722,67434,60902,7068
7/1/2016,5364,62309,86877,5676
7/2/2016,4582,8477,93142,7761
7/3/2016,5606,58063,91889,7310
7/4/2016,8802,11463,25102,7691
7/5/2016,9796,62625,66270,5660
7/6/2016,4713,49647,64304,5345
7/7/2016,3303,17369,91301,7894
7/8/2016,4350,24526,37076,5091
7/9/2016,6933,48972,63641,6630
7/10/2016,9161,27050,49172,5575
7/11/2016,2692,24951,83881,6096
7/12/2016,1209,16465,43938,6626
7/13/2016,1652,32761,86835,7030
7/14/2016,6295,13099,26800,6739
7/15/2016,5118,16524,26904,7238
7/16/2016,6194,54128,31833,5559
7/17/2016,3803,76261,51644,7702
7/18/2016,4102,27056,37414,6281
7/19/2016,7740,61510,89533,7765
7/20/2016,1467,20938,14585,7141
7/21/2016,6247,35440,86517,7272
7/22/2016,7716,14736,35470,7512
7/23/2016,5598,29886,54255,5365
7/24/2016,9699,57491,40788,6759
7/25/2016,5536,14941,97739,7203
7/26/2016,9707,69030,11846,7089
7/27/2016,4179,27991,31926,5567
7/28/2016,4186,27069,43943,6176
7/29/2016,5125,67479,33673,7148
7/30/2016,3608,52558,14752,5153
7/31/2016,8445,32515,66390,6417
8/1/2016,5905,49716,76325,5736
8/2/2016,4206,58888,30762,7700
8/3/2016,4209,60993,42001,7217
8/4/2016,5141,35634,90229,5463
8/5/2016,5876,33638,54969,6480
8/6/2016,3354,59476,47063,5906
8/7/2016,6598,37688,41593,5472
8/8/2016,3035,47316,11811,5216
8/9/2016,1607,59885,14587,5167
8/10/2016,4399,24683,64749,7102
8/11/2016,5001,39967,72494,5777
8/12/2016,4834,60549,70138,5397
8/13/2016,9004,71629,96524,5155
8/14/2016,9487,20476,84403,6299
8/15/2016,2207,73736,10096,6136
8/16/2016,6671,66196,91632,7234
8/17/2016,1531,25594,30421,5820
8/18/2016,8322,77785,96714,5966
8/19/2016,5211,23100,92479,5650
8/20/2016,3978,45621,69358,5155
8/21/2016,1932,68036,10107,7699
8/22/2016,8032,65074,87474,7224
8/23/2016,1137,24340,17299,7045
8/24/2016,5936,33366,42918,7364
8/25/2016,5429,20275,11931,7663
8/26/2016,2481,42821,18568,6629
8/27/2016,2599,40971,22210,5033
8/28/2016,5215,62438,62132,5018
8/29/2016,7680,56950,56334,7843
8/30/2016,5660,50600,49381,6906
8/31/2016,1438,49827,24360,7289
9/1/2016,9640,8686,48482,6075
9/2/2016,3752,17819,54360,6996
9/3/2016,6447,62955,75629,5513
9/4/2016,9758,14857,10634,5169
9/5/2016,5038,79047,66032,7993
9/6/2016,4352,50744,98986,5460
9/7/2016,2756,34310,14958,7234
9/8/2016,8167,31854,84230,6343
9/9/2016,2259,34297,81682,7012
9/10/2016,4126,69295,49816,7391
9/11/2016,4980,53504,69869,7104
9/12/2016,9185,74474,42812,7511
9/13/2016,8770,78435,60160,7848
9/14/2016,5546,66020,91018,6698
9/15/2016,7396,69190,83513,5418
9/16/2016,3662,70573,19645,7013
9/17/2016,6585,66492,67253,6569
9/18/2016,4440,50654,49894,6405
9/19/2016,1985,39021,99292,5905
9/20/2016,7918,58114,32388,6449
9/21/2016,5487,36332,18837,5981
9/22/2016,9334,14894,93293,7503
9/23/2016,9681,11661,12702,7675
9/24/2016,4488,54087,24394,7681
9/25/2016,1831,53149,40058,5832
9/26/2016,4807,13204,73676,6437
9/27/2016,7124,72857,77468,7186
9/28/2016,6664,20930,21915,7263
9/29/2016,7151,78318,53439,7527
9/30/2016,3859,47265,98770,5496
10/1/2016,1925,65622,64068,7528
10/2/2016,1908,69089,26090,6408
10/3/2016,8313,77699,10147,7433
10/4/2016,1649,70590,85637,6775
10/5/2016,2331,17671,28911,6194
10/6/2016,9129,77572,54702,6860
10/7/2016,9068,53565,29311,7436
10/8/2016,5765,38298,90284,7810
10/9/2016,4735,42437,50414,6633
10/10/2016,6253,53738,67449,6529
10/11/2016,2319,45454,23710,7346
10/12/2016,2432,69601,60484,7810
10/13/2016,2583,36803,47641,7872
10/14/2016,1653,39729,51014,5114
10/15/2016,8519,13601,28989,7380
10/16/2016,1340,25005,34996,6898
10/17/2016,9471,40659,12900,5383
10/18/2016,4906,33862,16395,6236
10/19/2016,1809,31143,37371,6837
10/20/2016,6107,18565,84767,7358
10/21/2016,8417,53924,74083,6204
10/22/2016,6051,37041,36969,7370
10/23/2016,1769,79550,93465,5414
10/24/2016,5511,24604,85448,6100
10/25/2016,2437,75461,98310,5603
10/26/2016,7396,58186,35541,5569
10/27/2016,6362,63606,18292,5338
10/28/2016,9719,28048,58851,5332
10/29/2016,2086,61106,39487,7637
10/30/2016,2247,57288,89832,7705
10/31/2016,8442,8310,77553,6510
11/1/2016,2568,20787,73068,6530
11/2/2016,3398,60746,18218,7131
11/3/2016,3858,75797,91000,7038
11/4/2016,2525,54231,15816,6116
11/5/2016,1454,74366,35172,7948
11/6/2016,1748,10948,40559,5307
11/7/2016,7974,56163,50937,7605
11/8/2016,2005,11688,41666,7001
11/9/2016,9899,64857,94106,7570
11/10/2016,8852,22829,29610,7581
11/11/2016,8432,59425,52174,5999
11/12/2016,9240,61420,92804,6718
11/13/2016,2929,62512,76340,7860
11/14/2016,9410,66840,84722,5544
11/15/2016,1531,13892,96018,5169
11/16/2016,5665,35704,87657,5752
11/17/2016,4615,44401,87106,7802
11/18/2016,7359,34322,18720,5827
11/19/2016,5260,9209,87566,5453
11/20/2016,7684,60910,39110,6803
11/21/2016,7397,22766,27902,6915
11/22/2016,5288,63494,33696,5736
11/23/2016,9200,56007,15886,7596
11/24/2016,1236,75878,59881,6858
11/25/2016,1104,61436,65320,7619
11/26/2016,1545,51636,28711,6715
11/27/2016,3974,35920,73591,7273
11/28/2016,5881,30658,37412,5902
11/29/2016,8117,78408,97769,7138
11/30/2016,6039,22966,42017,6546
12/1/2016,5620,38232,51141,7085
12/2/2016,4019,74533,63888,7243
12/3/2016,9392,35067,12623,5228
12/4/2016,9907,36971,24007,5317
12/5/2016,1307,14841,33693,7112
12/6/2016,8712,56908,42630,5815
12/7/2016,2568,65250,18537,7189
12/8/2016,9790,74368,54415,5212
12/9/2016,8993,63580,88113,6997
12/10/2016,8520,73030,34508,7341
12/11/2016,8882,48930,82665,6659
12/12/2016,9411,56337,87309,6730
12/13/2016,6078,63924,38248,5004
12/14/2016,5740,22190,36313,7181
12/15/2016,1417,45579,60227,7599
12/16/2016,5452,28203,59072,7715
12/17/2016,5020,74778,71144,5430
12/18/2016,4890,78656,11555,7590
12/19/2016,6479,57299,42767,6715
12/20/2016,5830,56110,94168,5216
12/21/2016,1601,74962,30330,7139
12/22/2016,2783,25940,54162,7671
12/23/2016,9389,8009,79317,5118
12/24/2016,1844,10140,73292,5070
12/25/2016,3326,19863,91298,7668
12/26/2016,6991,27611,31390,6682
12/27/2016,6925,67404,89802,6302
12/28/2016,1177,31619,47078,6790
12/29/2016,5005,66511,69998,6183
12/30/2016,2619,50010,22277,5225
12/31/2016,4188,24474,98525,5647
1/1/2017,6280,67227,49777,7498
1/2/2017,3486,40449,11182,5548
1/3/2017,7456,23577,74179,6118
1/4/2017,7524,27180,42307,5313
1/5/2017,6192,67126,87885,5494
1/6/2017,9354,27933,21306,6315
1/7/2017,3953,58465,84657,5061
1/8/2017,6578,42255,57625,5067
1/9/2017,3174,12588,39728,5557
1/10/2017,1253,9757,57046,7672
1/11/2017,4279,37809,53757,6514
1/12/2017,3625,54394,52633,5434
1/13/2017,2967,54580,77635,7541
1/14/2017,7069,62486,27417,7138
1/15/2017,1888,8117,90919,5864
1/16/2017,9575,50544,39250,7741
1/17/2017,1185,29417,38138,7983
1/18/2017,1484,54584,50267,6538
1/19/2017,5642,64517,87423,6516
1/20/2017,5262,27268,81176,5678
1/21/2017,7324,65808,23307,5175
1/22/2017,6255,65043,92061,7471
1/23/2017,3731,8009,50972,6469
1/24/2017,8675,11284,13980,5322
1/25/2017,4269,70952,49855,6388
1/26/2017,8290,23740,37065,5324
1/27/2017,5722,77437,38072,5101
1/28/2017,5712,64415,87302,5447
1/29/2017,9718,30897,62672,6719
1/30/2017,8303,40807,76222,5966
1/31/2017,1500,18084,98171,6074
2/1/2017,3268,68046,37265,7014
2/2/2017,3208,15117,77941,5777
2/3/2017,9104,73620,67986,5351
2/4/2017,1038,15837,58338,7298
2/5/2017,6622,40121,98848,5283
2/6/2017,7290,70044,76927,5602
2/7/2017,8670,14236,45174,5288
2/8/2017,1754,50796,23208,5180
2/9/2017,6652,62280,66697,5529
2/10/2017,7760,40285,92625,7252
2/11/2017,2805,68764,81930,7070
2/12/2017,4380,78986,30134,5412
2/13/2017,6804,58405,29578,5541
2/14/2017,4218,50611,37966,5439
2/15/2017,1827,14741,93228,5667
2/16/2017,2287,78839,10535,5396
2/17/2017,9651,40596,56527,6004
2/18/2017,3570,46152,19615,6826
2/19/2017,1136,26555,62521,7841
2/20/2017,6026,64088,99654,5307
2/21/2017,4540,68156,62106,6222
2/22/2017,9198,16992,47789,6778
2/23/2017,1672,23933,57012,7570
2/24/2017,4283,79502,96109,6408
2/25/2017,5606,49026,40321,7249
2/26/2017,1054,16301,63725,6267
2/27/2017,5550,19908,17500,6704
2/28/2017,1657,67710,29329,6052
3/1/2017,7967,53548,85992,5733
3/2/2017,3410,29455,59885,5394
3/3/2017,2077,37105,91627,6405
3/4/2017,2786,59232,77395,6824
3/5/2017,8730,28873,25595,7933
3/6/2017,1172,24331,25708,6801
3/7/2017,2684,56292,13421,5693
3/8/2017,1017,42003,24749,7492
3/9/2017,7453,56250,66006,5612
3/10/2017,4483,74488,70611,5160
3/11/2017,9401,62203,52945,7416
3/12/2017,9366,62185,58708,6852
3/13/2017,3589,42741,69030,5500
3/14/2017,2875,59164,85169,6419
3/15/2017,6406,9054,69040,7765
3/16/2017,3797,45217,90202,7767
3/17/2017,4567,14458,66895,5554
3/18/2017,6940,13297,38129,7783
3/19/2017,3360,32298,51254,7768
3/20/2017,9236,56001,77938,6804
3/21/2017,3769,39621,83082,5009
3/22/2017,6077,22263,55716,5196
3/23/2017,4952,65083,31838,5872
3/24/2017,4604,57495,41683,7987
3/25/2017,6300,79040,69963,7653
3/26/2017,7889,45050,45995,6703
3/27/2017,8082,73958,53302,6123
3/28/2017,5163,44611,80717,7295
3/29/2017,6607,9103,16856,7940
3/30/2017,1393,60138,32673,5830
3/31/2017,8267,59415,15186,7926