TDate,TV,Radio,Newspaper,Sales
4/1/15,2301,378,692,221
4/2/15,445,393,451,104
4/3/15,172,459,693,93
4/4/15,1515,413,585,185
4/5/15,1808,108,584,129
4/6/15,87,489,750,72
4/7/15,575,328,235,118
4/8/15,1202,196,116,132
4/9/15,86,21,10,48
4/10/15,1998,26,212,106
4/11/15,661,58,242,86
4/12/15,2147,240,40,174
4/13/15,238,351,659,92
4/14/15,975,76,72,97
4/15/15,2041,329,460,190
4/16/15,1954,477,529,224
4/17/15,678,366,1140,125
4/18/15,2814,396,558,244
4/19/15,692,205,183,113
4/20/15,1473,239,191,146
4/21/15,2184,277,534,180
4/22/15,2374,51,235,125
4/23/15,132,159,496,56
4/24/15,2283,169,262,155
4/25/15,623,126,183,97
4/26/15,2629,35,195,120
4/27/15,1429,293,126,150
4/28/15,2401,167,229,159
4/29/15,2488,271,229,189
4/30/15,706,160,408,105
5/1/15,2929,283,432,214
5/2/15,1129,174,386,119
5/3/15,972,15,300,96
5/4/15,2656,200,3,174
5/5/15,957,14,74,95
5/6/15,2907,41,85,128
5/7/15,2669,438,50,254
5/8/15,747,494,457,147
5/9/15,431,267,351,101
5/10/15,2280,377,320,215
5/11/15,2025,223,316,166
5/12/15,1770,334,387,171
5/13/15,2936,277,18,207
5/14/15,2069,84,264,129
5/15/15,251,257,433,85
5/16/15,1751,225,315,149
5/17/15,897,99,357,106
5/18/15,2399,415,185,232
5/19/15,2272,158,499,148
5/20/15,669,117,368,97
5/21/15,1998,31,346,114
5/22/15,1004,96,36,107
5/23/15,2164,417,396,226
5/24/15,1826,462,587,212
5/25/15,2627,288,159,202
5/26/15,1989,494,600,237
5/27/15,73,281,414,55
5/28/15,1362,192,166,132
5/29/15,2108,496,377,238
5/30/15,2107,295,93,184
5/31/15,535,20,214,81
6/1/15,2613,427,547,242
6/2/15,2393,155,273,157
6/3/15,1027,296,84,140
6/4/15,1311,428,289,180
6/5/15,690,93,9,93
6/6/15,315,246,22,95
6/7/15,1393,145,102,134
6/8/15,2374,275,110,189
6/9/15,2168,439,272,223
6/10/15,1991,306,387,183
6/11/15,1098,143,317,124
6/12/15,268,330,193,88
6/13/15,1294,57,313,110
6/14/15,2134,246,131,170
6/15/15,169,437,894,87
6/16/15,275,16,207,69
6/17/15,1205,285,142,142
6/18/15,54,299,94,53
6/19/15,1160,77,231,110
6/20/15,764,267,223,118
6/21/15,2398,41,369,123
6/22/15,753,203,325,113
6/23/15,684,445,356,136
6/24/15,2135,430,338,217
6/25/15,1932,184,657,152
6/26/15,763,275,160,120
6/27/15,1107,406,632,160
6/28/15,883,255,734,129
6/29/15,1098,478,514,167
6/30/15,1343,49,93,112
7/1/15,286,15,330,73
7/2/15,2177,335,590,194
7/3/15,2509,365,723,222
7/4/15,1074,140,109,115
7/5/15,1633,316,529,169
7/6/15,1976,35,59,117
7/7/15,1849,210,220,155
7/8/15,2897,423,512,254
7/9/15,1352,417,459,172
7/10/15,2224,43,498,117
7/11/15,2964,363,1009,238
7/12/15,2802,101,214,148
7/13/15,1879,172,179,147
7/14/15,2382,343,53,207
7/15/15,1379,464,590,192
7/16/15,250,110,297,72
7/17/15,904,3,232,87
7/18/15,131,4,256,53
7/19/15,2554,269,55,198
7/20/15,2258,82,565,134
7/21/15,2417,380,232,218
7/22/15,1757,154,24,141
7/23/15,2096,206,107,159
7/24/15,782,468,345,146
7/25/15,751,350,527,126
7/26/15,1392,143,256,122
7/27/15,764,8,148,94
7/28/15,1257,369,792,159
7/29/15,194,160,223,66
7/30/15,1413,268,462,155
7/31/15,188,217,504,70
8/1/15,2240,24,156,116
8/2/15,1231,346,124,152
8/3/15,2295,323,742,197
8/4/15,872,118,259,106
8/5/15,78,389,506,66
8/6/15,802,0,92,88
8/7/15,2203,490,32,247
8/8/15,596,120,431,97
8/9/15,7,396,87,16
8/10/15,2652,29,430,127
8/11/15,84,272,21,57
8/12/15,2198,335,451,196
8/13/15,369,386,656,108
8/14/15,483,470,85,116
8/15/15,256,390,93,95
8/16/15,2737,289,597,208
8/17/15,430,259,205,96
8/18/15,1849,439,17,207
8/19/15,734,170,129,109
8/20/15,1937,354,756,192
8/21/15,2205,332,379,201
8/22/15,1046,57,344,104
8/23/15,962,148,389,114
8/24/15,1403,19,90,103
8/25/15,2401,73,87,132
8/26/15,2432,490,443,254
8/27/15,380,403,119,109
8/28/15,447,258,206,101
8/29/15,2807,139,370,161
8/30/15,1210,84,487,116
8/31/15,1976,233,142,166
9/1/15,1713,397,377,190
9/2/15,1878,211,95,156
9/3/15,41,116,57,32
9/4/15,939,435,505,153
9/5/15,1498,13,243,101
9/6/15,117,369,452,73
9/7/15,1317,184,346,129
9/8/15,1725,181,307,144
9/9/15,857,358,493,133
9/10/15,1884,181,256,149
9/11/15,1635,368,74,180
9/12/15,1172,147,54,119
9/13/15,2345,34,848,119
9/14/15,179,376,216,80
9/15/15,2068,52,194,122
9/16/15,2154,236,576,171
9/17/15,2843,106,64,150
9/18/15,500,116,184,84
9/19/15,1645,209,474,145
9/20/15,196,201,170,76
9/21/15,1684,71,128,117
9/22/15,2224,34,131,115
9/23/15,2769,489,418,270
9/24/15,2484,302,203,202
9/25/15,1702,78,352,117
9/26/15,2767,23,237,118
9/27/15,1656,100,176,126
9/28/15,1566,26,83,105
9/29/15,2185,54,274,122
9/30/15,562,57,297,87
10/1/15,2876,430,718,262
10/2/15,2538,213,300,176
10/3/15,2050,451,196,226
10/4/15,1395,21,266,103
10/5/15,1911,287,182,173
10/6/15,2860,139,37,159
10/7/15,187,121,234,67
10/8/15,395,411,58,108
10/9/15,755,108,60,99
10/10/15,172,41,316,59
10/11/15,1668,420,36,196
10/12/15,1497,356,60,173
10/13/15,382,37,138,76
10/14/15,942,49,81,97
10/15/15,1770,93,64,128
10/16/15,2836,420,662,255
10/17/15,2321,86,87,134
10/18/15,374,373,301,74
10/19/15,1236,496,552,28
10/20/15,484,469,1107,105
10/21/15,507,144,267,239
10/22/15,1089,149,518,146
10/23/15,2003,279,531,213
10/24/15,1220,332,995,35
10/25/15,2720,179,895,170
10/26/15,1316,302,573,111
10/27/15,1922,164,343,206
10/28/15,564,432,892,181
10/29/15,1544,261,338,175
10/30/15,747,139,147,207
10/31/15,2597,165,282,260
11/1/15,2524,286,834,217
11/2/15,2784,104,763,105
11/3/15,446,46,36,104
11/4/15,450,372,471,20
11/5/15,686,93,609,79
11/6/15,234,446,1008,107
11/7/15,2125,326,4,58
11/8/15,1276,486,1028,210
11/9/15,2223,161,782,239
11/10/15,666,105,647,74
11/11/15,1498,165,109,241
11/12/15,1622,179,9,43
11/13/15,2443,490,345,17
11/14/15,2284,59,322,230
11/15/15,1162,456,770,25
11/16/15,2568,220,352,260
11/17/15,2051,301,61,54
11/18/15,2123,328,71,169
11/19/15,2026,405,126,71
11/20/15,1009,20,1096,217
11/21/15,2426,270,16,243
11/22/15,306,270,576,108
11/23/15,754,253,190,165
11/24/15,2454,357,4,76
11/25/15,1290,207,179,163
11/26/15,2793,27,1039,212
11/27/15,2747,201,761,185
11/28/15,1983,249,656,154
11/29/15,118,309,124,195
11/30/15,472,264,41,226
12/1/15,524,72,511,97
12/2/15,1319,145,424,75
12/3/15,418,81,192,42
12/4/15,1438,115,408,55
12/5/15,2626,163,140,121
12/6/15,2638,167,20,27
12/7/15,1116,441,560,141
12/8/15,2672,334,108,181
12/9/15,761,148,926,171
12/10/15,2428,305,1031,116
12/11/15,891,445,655,174
12/12/15,1638,458,737,171
12/13/15,2961,295,931,244
12/14/15,2616,104,225,257
12/15/15,2841,248,776,16
12/16/15,1964,36,119,259
12/17/15,2044,301,249,120
12/18/15,1361,67,829,230
12/19/15,668,476,475,60
12/20/15,1496,129,352,132
12/21/15,1386,319,478,259
12/22/15,2923,69,14,90
12/23/15,2837,215,502,25
12/24/15,358,198,298,214
12/25/15,2623,220,675,176
12/26/15,1683,376,118,265
12/27/15,282,273,273,209
12/28/15,341,241,1114,215
12/29/15,453,250,892,39
12/30/15,504,469,377,190
12/31/15,2493,445,449,241
1/1/16,1617,120,211,267
1/2/16,676,123,682,213
1/3/16,2787,341,448,113
1/4/16,371,59,674,253
1/5/16,2808,389,723,77
1/6/16,447,166,83,89
1/7/16,48,359,919,123
1/8/16,2364,279,101,51
1/9/16,938,201,1083,161
1/10/16,1733,323,248,176
1/11/16,1124,319,150,202
1/12/16,2018,118,208,55
1/13/16,2663,176,343,266
1/14/16,1993,84,761,253
1/15/16,1907,200,675,124
1/16/16,2282,323,759,163
1/17/16,1364,476,95,103
1/18/16,2852,116,1059,124
1/19/16,124,368,807,159
1/20/16,86,111,872,44
1/21/16,499,202,1100,132
1/22/16,1522,472,209,43
1/23/16,2916,69,949,120
1/24/16,2480,371,327,41
1/25/16,2164,405,184,48
1/26/16,1214,349,955,210
1/27/16,1194,489,726,32
1/28/16,1864,447,988,69
1/29/16,1899,399,479,79
1/30/16,1692,311,668,85
1/31/16,2541,435,967,150
2/1/16,1845,166,103,17
2/2/16,2782,411,981,166
2/3/16,2040,346,682,81
2/4/16,973,236,467,180
2/5/16,548,280,53,108
2/6/16,990,390,792,64
2/7/16,2888,23,305,175
2/8/16,2868,360,554,86
2/9/16,1008,445,858,220
2/10/16,2928,318,589,240
2/11/16,234,107,328,223
2/12/16,448,451,997,262
2/13/16,1691,168,925,248
2/14/16,63,77,808,180
2/15/16,1381,80,676,133
2/16/16,2522,156,404,74
2/17/16,2722,71,416,268
2/18/16,2510,177,211,177
2/19/16,1222,183,539,162
2/20/16,2892,36,726,101
2/21/16,495,6,845,160
2/22/16,1464,479,531,196
2/23/16,2877,364,341,59
2/24/16,936,98,235,208
2/25/16,2631,41,1120,176
2/26/16,1509,494,198,132
2/27/16,1387,219,886,199
2/28/16,769,440,1139,35
2/29/16,398,21,871,232
3/1/16,2906,286,1133,201
3/2/16,2495,306,138,240
3/3/16,2663,121,108,85
3/4/16,111,94,1048,232
3/5/16,1119,19,179,245
3/6/16,1985,337,345,56
3/7/16,1131,270,164,192
3/8/16,1060,182,879,31
3/9/16,784,198,867,260
3/10/16,681,78,297,56
3/11/16,364,255,971,148
3/12/16,1117,157,732,164
3/13/16,2796,205,1112,214
3/14/16,1157,455,296,64
3/15/16,923,260,753,176
3/16/16,2453,285,74,50
3/17/16,1947,259,481,197
3/18/16,2175,420,316,180
3/19/16,2735,488,156,88
3/20/16,1379,161,1128,193
3/21/16,2661,2,961,254
3/22/16,1223,44,348,240
3/23/16,1624,347,928,48
3/24/16,1126,304,321,191
3/25/16,2886,202,467,39
3/26/16,99,187,671,53
3/27/16,1182,98,527,51
3/28/16,2215,20,675,73
3/29/16,608,257,786,110
3/30/16,2812,447,11,221
3/31/16,1246,424,120,30